ICAO  LATD  LATM  LONGD  LONGM   ELEV
KEET  33 11 086 47 173
K79J  31 19 086 24 94
KANB  33 35 085 51 183
KBHM  33 34 086 45 197
KDCU  34 39 086 57 176
KDHN  31 19 085 27 113
KEUF  31 57 085 08 87
KGZH  31 25 087 03 78
K0J4  31 03 086 19 96
KHEY  31 21 085 39 97
KPRN  31 51 086 37 138
KHSV  34 39 086 47 191
KMOB  30 41 088 15 63
KBFM  30 37 088 04 20
KMGM  32 18 086 24 63
KMSL  34 45 087 36 164
KTOI  31 51 086 01 118
KTCL  33 13 087 37 49
KXNA  36 17 094 18 392
KHKA  35 56 089 50 78
KDEQ  34 03 094 24 106
KELD  33 13 092 49 81
KFYV  36 01 094 10 379
KFSM  35 20 094 22 140
KHRO  36 16 093 09 417
KHOT  34 29 093 06 162
KJBR  35 50 090 39 79
KLIT  34 44 092 14 79
KLLQ  33 38 091 45 83
KMWT  34 33 093 35 214
KBPK  36 22 092 28 280
KPBF  34 11 091 56 62
KRUE  35 15 093 06 115
KTXK  33 27 093 59 111
KAWM  35 08 090 14 65
KDUG  31 28 109 35 1265
KFLG  35 08 111 40 2134
KFHU  31 35 110 21 1438
KGCN  35 57 112 09 2016
KIGM  35 15 113 56 1032
KOLS  31 25 110 51 1184
KPGA  36 55 111 27 1307
KDVT  33 41 112 04 443
KPHX  33 26 112 01 336
KALK  31 36 110 26 1453
KPRC  34 39 112 25 1524
KSAD  32 51 109 38 962
KSDL  33 37 111 55 447
KSJN  34 31 109 23 1745
KTUS  32 08 110 57 776
KRQE  35 39 109 04 2055
KINW  35 02 110 43 1490
KAAT  41 29 120 34 1331
KACV  40 59 124 06 67
KAVX  33 24 118 25 482
KBFL  35 26 119 03 151
KBIH  37 22 118 21 1253
KBLH  33 37 114 43 119
KBUR  34 12 118 22 217
KCMA  34 13 119 06 23
KNFG  33 17 117 20 24
KCZZ  32 38 116 28 807
KCRQ  33 08 117 17 99
KNID  35 40 117 40 696
KCNO  33 59 117 37 207
KCCR  38 00 122 03 11
KSNA  33 40 117 52 16
KCEC  41 46 124 13 17
KDAG  34 51 116 47 587
K9L2  34 58 117 52 701
KNJK  32 49 115 40 -13
KBLU  39 17 120 42 1609
KFAT  36 47 119 43 104
KFUL  33 52 117 59 35
KHJO  36 19 119 37 74
KHHR  33 55 118 20 18
KHWD  37 40 122 07 21
KIPL  32 50 115 35 -17
KNRS  32 34 117 07 7
KWJF  34 43 118 13 715
KNLC  36 19 119 57 72
KLVK  37 42 121 49 117
KLGB  33 49 118 09 10
KCQT  34 01 118 17 56
KLAX  33 56 118 23 46
KMAE  36 59 120 07 77
KMYV  39 06 121 34 21
KMCE  37 17 120 30 47
KMOD  37 37 120 57 29
KNUQ  37 24 122 03 12
KSIY  41 46 122 28 807
KMRY  36 35 121 51 66
KMHS  41 19 122 19 1078
KAPC  38 12 122 17 13
KEED  34 46 114 37 302
KNZY  32 42 117 13 8
KOAK  37 43 122 14 26
KOKB  33 13 117 21 8
KONT  34 03 117 35 274
KOVE  39 30 121 37 58
KOXR  34 12 119 12 20
KPSP  33 49 116 30 135
KPMD  34 38 118 05 780
KPRB  35 40 120 38 245
KNTD  34 07 119 07 4
KRNM  33 02 116 55 427
KRBL  40 09 122 15 104
KRDD  40 31 122 18 155
KRAL  33 57 117 27 252
KSAC  38 30 121 30 11
KSMF  38 42 121 36 6
KSNS  36 40 121 36 30
KSAN  32 44 117 11 12
KMYF  32 49 117 08 136
KSFO  37 37 122 22 3
KSJC  37 22 121 55 24
KSBP  35 14 120 38 59
KSDB  34 45 118 43 1377
KSBA  34 26 119 51 3
KSMX  34 54 120 27 74
KSMO  34 01 118 27 57
KSTS  38 30 122 49 39
KTVL  38 54 120 00 1924
KSCK  37 53 121 13 10
KTRM  33 38 116 10 -35
KUKI  39 07 123 12 187
KVCB  38 23 121 57 33
KVNY  34 13 118 29 245
KWVI  36 56 121 47 43
KAKO  40 10 103 13 1421
KALS  37 26 105 52 2299
KASE  39 14 106 52 2354
KITR  39 14 102 17 1279
KCOS  38 49 104 41 1856
KCEZ  37 18 108 38 1797
KCAG  40 30 107 31 1887
KDEN  39 51 104 39 1640
KAPA  39 34 104 51 1775
KDRO  37 09 107 46 2035
KABH  38 45 104 18 1840
KGJT  39 07 108 31 1475
KLHX  38 03 103 31 1277
KLAA  38 04 102 41 1119
KLXV  39 14 106 19 3028
KLIC  39 16 103 40 1630
KEEO  40 03 107 53 1930
KMTJ  38 30 107 54 1750
KPUB  38 17 104 30 1420
KSPD  37 17 102 37 1335
KTAD  37 16 104 20 1756
KBDR  41 10 073 08 7
KDXR  41 22 073 29 139
KGON  41 20 072 03 3
KHFD  41 44 072 39 4
KMMK  41 31 072 50 31
KHVN  41 16 072 52 4
KIJD  41 45 072 11 75
KBDL  41 56 072 41 60
KDCA  38 51 077 02 18
KGED  38 41 075 22 19
KILG  39 40 075 36 28
KAAF  29 44 085 02 5
K1J0  30 51 085 36 26
KBKV  28 28 082 27 20
KCEW  30 47 086 31 55
KCTY  29 38 083 06 13
KDAB  29 11 081 04 9
KDTS  30 24 086 28 5
KFMY  26 35 081 52 4
KRSW  26 32 081 45 10
KFPR  27 30 080 23 13
KFXE  26 12 080 11 6
KFLL  26 04 080 09 3
KGNV  29 42 082 17 45
KHWO  26 00 080 14 2
KCRG  30 20 081 31 13
KNEN  30 21 081 53 30
KJAX  30 30 081 41 10
KNIP  30 13 081 40 7
KEYW  24 33 081 45 5
KNQX  24 34 081 40 2
KLEE  28 49 081 49 23
KMTH  24 44 081 03 2
KMAI  30 50 085 11 32
KNRB  30 23 081 25 5
KMLB  28 06 080 39 11
KMIA  25 48 080 17 3
KOPF  25 55 080 17 16
KTMB  25 39 080 26 2
KNDZ  30 42 087 01 54
KAPF  26 09 081 46 3
KMCO  28 25 081 20 29
KORL  28 33 081 20 37
KECP  30 21 085 48 21
KPNS  30 29 087 11 38
KPMP  26 15 080 07 6
KPGD  26 55 082 00 7
KSFB  28 46 081 13 17
KSRQ  27 24 082 34 18
KSPG  27 46 082 38 2
KPIE  27 55 082 41 4
KTLH  30 24 084 21 19
KTPA  27 58 082 32 11
KVRB  27 39 080 25 10
KPBI  26 41 080 06 6
KNSE  30 44 087 01 61
KGIF  28 04 081 45 43
KABY  31 32 084 12 58
KAMG  31 32 082 30 59
KAHN  33 57 083 20 244
KATL  33 38 084 27 296
KFTY  33 47 084 31 263
KAGS  33 22 081 58 44
KDNL  33 28 082 02 130
KSSI  31 09 081 23 6
KVPC  34 08 084 51 222
KCSG  32 31 084 57 135
KGVL  34 16 083 50 386
KMCN  32 41 083 39 109
KFFC  33 21 084 34 262
KPDK  33 53 084 18 302
KRMG  34 21 085 10 193
KSAV  32 07 081 12 14
KVLD  30 47 083 16 62
KAMW  41 59 093 37 279
KBRL  40 46 091 08 211
KCID  41 53 091 43 264
KDVN  41 37 090 35 230
KDSM  41 32 093 40 295
KDBQ  42 24 090 42 326
KEST  43 24 094 45 401
KIOW  41 38 091 33 198
KLWD  40 38 093 54 346
KMIW  42 07 092 55 296
KMCW  43 09 093 20 369
KOTM  41 06 092 27 256
KSUX  42 23 096 23 338
KSPW  43 10 095 13 403
KALO  42 33 092 24 264
KBOI  43 34 116 14 875
KBYI  42 33 113 46 1264
KLLJ  44 31 114 13 1536
KIDA  43 31 112 04 1453
KJER  42 43 114 27 1222
KLWS  46 22 117 01 438
KP69  46 09 115 36 480
KMYL  44 54 116 06 1533
KMLP  47 27 115 40 1837
KPIH  42 55 112 34 1359
KRXE  43 50 111 48 1480
KSNT  44 10 114 56 1980
KTWF  42 29 114 29 1266
KCPS  38 34 090 09 126
KMDH  37 47 089 15 130
KCMI  40 02 088 16 228
KMDW  41 47 087 45 188
KORD  41 59 087 56 200
KARR  41 46 088 29 215
KDPA  41 55 088 15 231
KDEC  39 50 088 51 207
KLWV  38 46 087 36 131
KMTO  39 28 088 16 214
KMLI  41 27 090 31 184
KPWK  42 07 087 54 203
KPIA  40 40 089 41 205
KUIN  39 57 091 12 234
KRFD  42 12 089 06 221
KSPI  39 51 089 41 181
KUGN  42 25 087 52 222
KBMG  39 09 086 37 257
KEVV  38 03 087 31 117
KFWA  40 59 085 11 248
KGSH  41 32 085 47 252
KEYE  39 50 086 18 248
KIND  39 43 086 18 241
KLAF  40 25 086 56 182
KMIE  40 14 085 24 285
KGEZ  39 35 085 48 245
KSBN  41 42 086 19 237
KHUF  39 27 087 18 179
KVPZ  41 27 087 00 231
KCNU  37 40 095 29 297
KCFV  37 05 095 34 225
KCNK  39 33 097 39 447
KDDC  37 46 099 58 789
KEMP  38 20 096 12 367
KGCK  37 55 100 43 877
KGLD  39 22 101 42 1113
KHLC  39 22 099 50 669
KHUT  38 04 097 52 467
KLWC  39 01 095 13 253
KMHK  39 08 096 41 317
KP28  37 17 098 33 469
KOJC  38 51 094 44 326
KIXD  38 49 094 53 342
KPPF  37 20 095 30 274
KRSL  38 52 098 49 567
KSLN  38 47 097 39 385
KTOP  39 04 095 38 268
KFOE  38 56 095 39 320
KICT  37 39 097 26 407
KAAO  37 45 097 13 434
KWLD  37 10 097 02 350
KBWG  36 58 086 25 168
KCVG  39 03 084 40 269
KFFT  38 11 084 54 236
KLEX  38 02 084 36 300
KLOZ  37 05 084 04 362
KSDF  38 11 085 44 146
KLOU  38 13 085 40 164
KJKL  37 36 083 19 416
KPAH  37 04 088 46 119
KAEX  31 20 092 34 27
KESF  31 24 092 17 28
KBTR  30 32 091 09 21
KBVE  29 19 089 24 1
KBKB  31 00 092 55 94
KLFT  30 12 092 00 11
KLCH  30 08 093 13 4
KMLU  32 31 092 02 29
KARA  30 02 091 53 18
KMSY  30 00 090 15 5
KNEW  30 03 090 02 3
KAQV  31 24 093 18 111
KP92  29 34 091 32 1
KSHV  32 27 093 50 83
KDTN  32 33 093 45 53
KASD  30 21 089 49 9
KTVR  32 21 091 02 26
KBED  42 28 071 18 50
KBVY  42 35 070 55 28
KBOS  42 22 071 01 6
KCQX  41 41 070 00 19
KMQE  42 13 071 07 199
KFIT  42 33 071 45 103
KHYA  41 40 070 16 22
KLWM  42 43 071 08 54
KMVY  41 24 070 37 16
KACK  41 15 070 04 16
KEWB  41 41 070 57 23
KAQW  42 42 073 10 199
KOWD  42 11 071 10 19
KORE  42 34 072 17 164
KPSF  42 26 073 17 355
KPYM  41 55 070 44 43
KTAN  41 53 071 01 7
KBAF  42 10 072 43 83
KORH  42 16 071 52 304
KNAK  38 59 076 29 2
KDMH  39 17 076 37 5
KBWI  39 10 076 41 59
KHGR  39 42 077 44 224
KOXB  38 19 075 07 3
KNHK  38 16 076 24 12
KSBY  38 20 075 30 19
KNUI  38 09 076 26 7
KAUG  44 19 069 48 109
KBGR  44 48 068 49 57
KCAR  46 52 068 01 191
KFVE  47 17 068 18 301
KIZG  43 59 070 57 135
KGNR  45 28 069 33 427
KHUL  46 07 067 48 150
KMLT  45 39 068 42 123
KPWM  43 39 070 18 15
KIWI  43 58 069 43 20
KAPN  45 04 083 34 210
KARB  42 13 083 44 251
KBTL  42 19 085 14 290
KBEH  42 08 086 25 191
KP59  47 28 087 53 190
KDET  42 24 083 01 190
KDTW  42 14 083 20 195
KYIP  42 14 083 32 215
KFNT  42 58 083 45 233
KGLR  45 01 084 41 407
KGRR  42 53 085 31 237
KCMX  47 10 088 29 326
KBIV  42 45 086 06 208
KHTL  44 21 084 40 351
KIMT  45 49 088 07 349
KJXN  42 16 084 28 305
KAZO  42 14 085 33 272
KLAN  42 47 084 35 264
KP53  46 25 086 39 187
KMKG  43 10 086 14 191
KPLN  45 34 084 48 217
KPTK  42 40 083 25 299
KP58  44 01 082 48 179
KMBS  43 32 084 05 202
KANJ  46 28 084 22 218
KTVC  44 44 085 34 190
KAXN  45 52 095 24 433
KBDE  48 44 094 37 329
KBRD  46 24 094 08 372
KDLH  46 51 092 12 435
KGNA  47 45 090 21 185
KHIB  47 23 092 50 412
KINL  48 34 093 24 360
KMSP  44 53 093 14 265
KMIC  45 04 093 21 265
KFCM  44 50 093 28 280
KPKD  46 54 095 04 442
KRWF  44 33 095 05 311
KRST  43 54 092 30 403
KSTC  45 33 094 03 314
KSTP  44 56 093 03 219
KCGI  37 14 089 35 102
KCDJ  39 49 093 35 234
KCOU  38 49 092 13 271
KJEF  38 36 092 09 168
KJLN  37 09 094 30 299
KMKC  39 07 094 36 227
KMCI  39 18 094 44 320
KIRK  40 06 092 33 293
KLXT  38 58 094 22 306
KPOF  36 46 090 19 99
KDMO  38 43 093 10 274
KSGF  37 14 093 23 390
KSET  38 56 090 26 134
KSTJ  39 46 094 55 247
KSTL  38 45 090 22 171
KSUS  38 39 090 39 141
KVIH  38 08 091 46 333
KUNO  36 53 091 54 372
KGLH  33 30 090 59 45
KGWO  33 30 090 05 44
KGPT  30 25 089 05 14
KHBG  31 16 089 15 44
KJAN  32 19 090 05 91
KHKS  32 20 090 13 108
KMCB  31 11 090 28 124
KNMM  32 32 088 34 97
KMEI  32 20 088 45 89
KPQL  30 28 088 32 6
KTUP  34 16 088 46 105
KBHK  46 21 104 15 902
KBIL  45 48 108 33 1091
KBZN  45 47 111 10 1361
KBTM  45 58 112 30 1688
KCTB  48 36 112 22 1175
KDLN  45 15 112 33 1591
KGGW  48 13 106 37 694
KGTF  47 28 111 23 1119
KHVR  48 33 109 46 787
KHLN  46 36 111 59 1182
KJDN  47 20 106 57 801
KGPI  48 19 114 15 908
KLWT  47 02 109 28 1270
KLVM  45 42 110 26 1418
KMLS  46 26 105 53 801
KMSO  46 55 114 06 975
KOLF  48 06 105 35 604
KAVL  35 26 082 32 670
KMRH  34 44 076 39 3
KBUY  36 03 079 28 180
KIGX  35 56 079 04 155
KCLT  35 13 080 57 220
KNKT  34 54 076 53 9
KECG  36 16 076 11 11
KFAY  34 59 078 53 55
KAKH  35 12 081 09 243
KGSO  36 06 079 57 275
KHSE  35 14 075 37 3
KHKY  35 45 081 23 354
KLBT  34 36 079 04 37
KMEB  34 47 079 22 67
KEQY  35 01 080 37 212
KEWN  35 04 077 03 3
KNCA  34 43 077 27 8
KRDU  35 54 078 47 130
KRWI  35 51 077 54 47
KILM  34 16 077 54 9
KINT  36 08 080 13 291
KBIS  46 46 100 45 505
KDIK  46 48 102 48 788
KFAR  46 56 096 49 277
KN60  47 39 101 26 582
KGFK  47 57 097 11 258
KHEI  46 01 102 39 828
KJMS  46 56 098 40 455
KMOT  48 15 101 16 519
KISN  48 10 103 38 579
KAIA  42 03 102 48 1196
KBBW  41 26 099 38 776
KCDR  42 50 103 06 1010
KFNB  40 04 095 35 300
KGRI  40 58 098 19 561
KHSI  40 36 098 26 591
KIML  40 31 101 37 998
KLNK  40 51 096 46 364
KMCK  40 12 100 35 782
KOFK  41 59 097 26 470
KLBF  41 07 100 40 847
KOMA  41 19 095 54 312
KODX  41 37 098 57 631
KBFF  41 52 103 35 1203
KSNY  41 06 102 59 1307
KTQE  41 46 096 11 312
KVTN  42 52 100 33 788
KBML  44 35 071 11 345
KCON  43 12 071 30 103
KAFN  42 48 072 00 313
KLEB  43 38 072 18 171
KMHT  42 56 071 26 81
KDAW  43 17 070 55 100
KHIE  44 22 071 33 318
K12N  41 01 074 44 177
KACY  39 27 074 34 23
KCDW  40 53 074 17 64
KMIV  39 22 075 05 23
KVAY  39 56 074 50 15
KEWR  40 41 074 10 7
KSMQ  40 37 074 40 30
KFWN  41 12 074 38 133
KTEB  40 52 074 03 7
KTTN  40 17 074 49 59
KABQ  35 03 106 37 1618
KCNM  32 20 104 15 985
KCAO  36 27 103 09 1514
KCQC  35 00 105 40 2160
KDMN  32 16 107 43 1311
KFMN  36 45 108 14 1685
KGUP  35 31 108 48 1971
KLVS  35 39 105 08 2091
KRTN  36 44 104 30 1936
KROW  33 18 104 30 1112
KSAF  35 37 106 06 1930
KTCS  33 14 107 16 1469
KTCC  35 11 103 36 1235
KDRA  36 37 116 02 1006
KEKO  40 49 115 47 1547
KELY  39 18 114 51 1906
KP68  39 36 116 00 1809
KNFL  39 25 118 42 1199
KLAS  36 04 115 10 636
KLOL  40 04 118 34 1189
KVGT  36 13 115 12 671
KRNO  39 30 119 46 1342
KTPH  38 03 117 05 1652
KWMC  40 54 117 48 1310
KALB  42 45 073 48 92
KBGM  42 13 075 59 490
KBUF  42 56 078 44 211
KDSV  42 34 077 43 198
KDKK  42 30 079 17 202
KELM  42 09 076 54 302
KFRG  40 44 073 25 21
KFZY  43 21 076 23 138
KGFL  43 20 073 37 103
KISP  40 48 073 06 43
KMSS  44 56 074 51 66
KMTP  41 04 071 55 2
KMGJ  41 31 074 16 108
KIAG  43 07 078 56 182
KNYC  40 47 073 58 11
KJFK  40 38 073 46 9
KLGA  40 47 073 53 11
KPEO  42 39 077 03 256
KPBG  44 39 073 28 72
KPOU  41 38 073 53 46
KROC  43 07 077 41 178
KRME  43 13 075 24 154
KSLK  44 24 074 12 498
KHWV  40 49 072 52 21
KSYR  43 07 076 06 127
KART  43 59 076 02 100
KELZ  42 06 077 59 646
KFOK  40 51 072 37 33
KHPN  41 04 073 42 121
KCAK  40 55 081 27 377
KAKR  41 02 081 28 363
KHZY  41 47 080 42 276
KLUK  39 06 084 25 155
KBKL  41 32 081 40 184
KCLE  41 25 081 51 233
KCMH  40 00 082 53 247
KOSU  40 05 083 05 280
KDAY  39 54 084 13 305
KMGY  39 36 084 14 289
KDFI  41 20 084 26 219
KFDY  41 01 083 40 247
KHAO  39 22 084 31 188
KLHQ  39 45 082 40 260
KAOH  40 42 084 01 296
KLPR  41 21 082 11 241
KMFD  40 49 082 31 395
KMNN  40 37 083 04 301
KPHD  40 28 081 25 272
KVTA  40 01 082 28 268
KTDZ  41 34 083 29 189
KTOL  41 35 083 48 210
KILN  39 26 083 48 322
KBJJ  40 52 081 53 343
KYNG  41 15 080 40 360
KZZV  39 57 081 54 268
KBVO  36 46 096 01 210
KCSM  35 21 099 12 588
KFDR  34 21 098 59 386
KGAG  36 18 099 46 668
KGOK  35 51 097 24 324
KGUY  36 41 101 30 948
KHBR  34 59 099 03 473
KLAW  34 33 098 25 337
KMLC  34 53 095 47 232
KMKO  35 39 095 22 185
KPWA  35 32 097 39 397
KOKC  35 23 097 36 390
KPNC  36 44 097 06 308
KSWO  36 10 097 05 290
KRVS  36 03 095 59 200
KTUL  36 12 095 53 207
KAST  46 09 123 53 3
KUAO  45 15 122 46 59
KBKE  44 51 117 49 1024
KBNO  43 36 118 57 1264
KEUG  44 08 123 13 114
KHRI  45 50 119 16 195
KHIO  45 33 122 57 68
KLMT  42 09 121 43 1246
KMMV  45 12 123 08 48
KMEH  45 31 118 25 1136
KMFR  42 23 122 52 396
KONO  44 01 117 01 667
KPDT  45 42 118 50 462
KPDX  45 36 122 37 7
KRDM  44 15 121 09 938
KREO  42 35 117 52 1235
KRBG  43 14 123 21 154
KSLE  44 54 123 00 59
KSPB  45 46 122 52 14
KSXT  42 36 123 22 1170
KDLS  45 37 121 10 71
KTTD  45 33 122 25 14
KABE  40 39 075 27 114
KAOO  40 18 078 19 455
KAVP  41 20 075 43 291
KBFD  41 48 078 38 647
KFIG  41 03 078 25 462
KDYL  40 20 075 07 117
KDUJ  41 10 078 54 554
KERI  42 05 080 11 222
KRYT  39 44 077 26 274
KCXY  40 13 076 51 106
KJST  40 19 078 50 694
KLNS  40 07 076 18 125
KGKJ  41 38 080 13 428
KMDT  40 12 076 46 95
KMPO  41 08 075 23 577
KPHL  39 52 075 14 18
KPNE  40 05 075 01 28
KPIT  40 30 080 16 357
KAGC  40 21 079 55 389
KPTW  40 14 075 33 92
KRDG  40 22 075 58 109
KSEG  40 49 076 52 134
KIPT  41 15 076 55 164
KTHV  39 55 076 53 144
KUUU  41 32 071 17 51
KPVD  41 43 071 26 16
KWST  41 21 071 48 21
KAND  34 30 082 43 239
KNBC  32 28 080 43 12
KCHS  32 54 080 02 13
KCEU  34 40 082 53 268
KCAE  33 56 081 07 70
KCUB  33 58 081 00 56
KFLO  34 11 079 44 44
KGMU  34 51 082 21 315
KGRD  34 15 082 09 185
KGSP  34 54 082 13 287
KCRE  33 49 078 43 10
KOGB  33 28 080 51 59
KUZA  34 59 081 03 202
KABR  45 27 098 25 397
K2WX  45 36 103 33 915
KCUT  43 44 103 37 1725
KD07  45 02 102 01 784
KHON  44 23 098 14 390
KMHE  43 46 098 01 397
KMBG  45 33 100 25 510
KPHP  44 03 101 36 672
KPIR  44 23 100 17 526
KIEN  43 02 102 31 998
KRAP  44 03 103 03 965
KFSD  43 35 096 45 436
K8D3  45 40 096 59 354
KATY  44 54 097 09 532
KICR  43 23 099 51 621
KTRI  36 29 082 24 474
KCHA  35 02 085 12 210
KCKV  36 37 087 25 165
KCSV  35 57 085 05 570
KMKL  35 36 088 55 128
KTYS  35 49 083 59 302
KMEM  35 04 089 59 86
KBNA  36 07 086 41 210
KOQT  36 01 084 14 277
KABI  32 25 099 41 548
KALI  27 44 098 01 53
KAMA  35 13 101 43 1093
KLBX  29 07 095 28 6
KGKY  32 40 097 06 192
KAUS  30 11 097 41 166
KATT  30 19 097 46 201
KBPT  29 57 094 02 5
KBGD  35 42 101 24 927
KBRO  25 55 097 25 7
KBMQ  30 44 098 14 389
KNGP  27 41 097 16 6
KCDS  34 26 100 17 594
KCLL  30 35 096 22 96
KCXO  30 21 095 25 75
KCRP  27 46 097 30 14
KCRS  32 02 096 24 133
KCOT  28 27 099 13 140
KDHT  36 01 102 33 1217
KDFW  32 54 097 01 174
KDAL  32 51 096 51 158
KRBD  32 41 096 52 203
KDRT  29 22 100 55 313
KDTO  33 12 097 12 196
K6R6  30 03 102 13 701
KELP  31 49 106 23 1197
KFST  30 55 102 55 918
KFTW  32 50 097 22 214
KNFW  32 47 097 26 198
KAFW  32 58 097 19 233
KGLS  29 16 094 52 6
KGDP  31 50 104 49 1692
KHRL  26 14 097 39 10
KHDO  29 22 099 10 282
KLVJ  29 31 095 15 12
KDWH  30 04 095 33 46
KHOU  29 38 095 17 36
KIAH  30 00 095 22 36
KSGR  29 37 095 39 2
KUTS  30 45 095 35 104
KJCT  30 30 099 46 522
KNQI  27 30 097 49 15
KGGG  32 23 094 43 107
KLBB  33 40 101 49 993
KLFK  31 14 094 45 88
KMFE  26 11 098 15 38
KTKI  33 11 096 35 179
KMAF  31 57 102 12 874
KMWL  32 47 098 04 284
KBAZ  29 43 098 03 195
KODO  31 55 102 24 902
KPSX  28 43 096 15 5
KPIL  26 10 097 20 5
KRKP  28 05 097 03 6
KSSF  29 20 098 28 176
KSJT  31 22 100 30 576
KSAT  29 32 098 28 243
KTRL  32 43 096 16 145
KTYR  32 22 095 24 165
KVCT  28 52 096 56 31
KACT  31 37 097 14 151
KSPS  33 59 098 30 308
KINK  31 47 103 12 855
KBCE  37 42 112 09 2312
KCDC  37 42 113 06 1714
KLGU  41 47 111 51 1355
KMLF  38 25 113 01 1534
KCNY  38 46 109 45 1390
KOGD  41 12 112 01 1353
KPUC  39 37 110 45 2091
KSLC  40 46 111 58 1286
KVEL  40 27 109 31 1604
KCHO  38 08 078 27 192
KDAN  36 34 079 20 175
KNFE  36 42 076 08 5
KLYH  37 19 079 12 295
KPHF  37 08 076 30 12
KORF  36 54 076 12 14
KNGU  36 55 076 16 5
KAKQ  36 59 077 00 34
KNTU  36 49 076 01 7
KNYG  38 30 077 17 4
KRIC  37 31 077 19 50
KOFP  37 42 077 26 62
KROA  37 19 079 58 362
KWAL  37 56 075 28 14
KIAD  38 56 077 27 93
KDDH  42 54 073 15 244
KBTV  44 28 073 09 105
KMPV  44 12 072 34 343
KMVL  44 32 072 37 234
KVSF  43 21 072 31 175
K1V4  44 25 072 01 210
KBLI  48 48 122 32 50
KDEW  47 58 117 26 674
KELN  47 02 120 32 519
KEPH  47 18 119 31 383
KPAE  47 55 122 17 180
KFHR  48 31 123 02 32
KHQM  46 58 123 56 7
KMWH  47 12 119 19 362
KOLM  46 58 122 54 58
KOMK  48 28 119 31 395
KPSC  46 16 119 07 121
KCLM  48 07 123 30 85
KPUW  46 45 117 07 773
KUIL  47 56 124 33 54
KRNT  47 30 122 13 21
KBFI  47 33 122 19 4
KSEA  47 27 122 19 136
KSHN  47 14 123 08 82
KSFF  47 41 117 19 609
KGEG  47 37 117 32 735
KTIW  47 16 122 35 89
KVUO  45 37 122 39 8
KALW  46 06 118 17 363
KEAT  47 24 120 12 377
KNUW  48 21 122 39 14
KYKM  46 34 120 32 324
KASX  46 33 090 55 251
KGRB  44 29 088 08 208
KOVS  43 09 090 41 202
KEAU  44 52 091 28 276
KFLD  43 46 088 29 240
KHYR  46 01 091 27 370
KENW  42 36 087 56 219
KLSE  43 53 091 15 199
KLNR  43 13 090 11 217
KMSN  43 08 089 21 261
KMFI  44 38 090 11 379
KMKE  42 57 087 54 206
KOSH  43 58 088 33 248
KRAC  42 46 087 49 203
KRHI  45 38 089 29 485
KSBM  43 47 087 51 232
KAUW  44 56 089 37 362
KISW  44 22 089 50 307
KBKW  37 48 081 07 764
KBLF  37 18 081 12 873
KCRW  38 23 081 35 309
KCKB  39 18 080 13 360
KEKN  38 53 079 51 603
KHTS  38 22 082 33 254
KMRB  39 24 077 59 164
KMGW  39 39 079 55 378
KPKB  39 21 081 25 262
KHLG  40 10 080 39 372
KBPI  42 35 110 06 2117
KBYG  44 23 106 43 1497
KCPR  42 54 106 28 1621
KCYS  41 09 104 48 1868
KDGW  42 48 105 23 1499
KEVW  41 16 111 02 2177
KGCC  44 20 105 33 1320
KGEY  44 31 108 05 1191
KLND  42 49 108 44 1694
KLAR  41 19 105 40 2216
KRWL  41 47 107 12 2077
KRIW  43 04 108 28 1697
KRKS  41 36 109 04 2060
KSHR  44 46 106 58 1202
KTOR  42 04 104 09 1277
KWRL  43 58 107 57 1271
KP60  44 33 110 25 2388
